-2.000000 4.000000 
-2.000000 -0.666667 
1.111111 -0.666667 
1.111111 -1.703704 
1.802469 -1.703704 
1.802469 -1.934156 
1.956104 -1.934156 
1.956104 -1.985368 
1.990245 -1.985368 
1.990245 -1.996748 
1.997832 -1.996748 
1.997832 -1.999277 
1.999518 -1.999277 
1.999518 -1.999839 
1.999893 -1.999839 
1.999893 -1.999964 
1.999976 -1.999964 
1.999976 -1.999992 
1.999995 -1.999992 
1.999995 -1.999998 
1.999999 -1.999998 
1.999999 -2.000000 
2.000000 -2.000000 
2.000000 -2.000000 
2.000000 -2.000000 
