-2.000000 -2.000000 
0.080000 -0.613333 
1.004444 -2.000000 
1.522133 -1.654874 
1.752217 -2.000000 
1.881064 -1.914102 
1.938330 -2.000000 
1.970398 -1.978621 
1.984651 -2.000000 
1.992632 -1.994679 
1.996180 -2.000000 
1.998166 -1.998676 
1.999049 -2.000000 
1.999544 -1.999670 
1.999763 -2.000000 
1.999886 -1.999918 
1.999941 -2.000000 
1.999972 -1.999980 
1.999985 -2.000000 
1.999993 -1.999995 
1.999996 -2.000000 
1.999998 -1.999999 
1.999999 -2.000000 
2.000000 -2.000000 
2.000000 -2.000000 
